chessboard_corner_cols: 11
chessboard_corner_rows: 8
square_size_mm: 30

# 0. Capture img_with_q
# 1. 先运行 calibrate_camera 获取相机内参和畸变参数， R_gimbal2imubody: [1, 0, 0, 0, 1, 0, 0, 0, 1]
# 2. 再运行 calibrate_handeye 获取相机和云台之间的旋转和平移关系

#####-----calibration-----#####
# 重投影误差: 0.0931px
camera_matrix: [2404.8380984519986, 0, 680.67490282444089, 0, 2405.0020867320195, 587.71084226061919, 0, 0, 1]
distort_coeffs: [-0.039546624479632961, 0.27857291286122599, 0.002459403324063027, -0.0039781300413296427, 0]

#####-----handeye_calibration-----#####
# 手动填写 R_gimbal2imubody
R_gimbal2imubody: [1, 0, 0, 0, 1, 0, 0, 0, 1]

# 相机同理想情况的偏角: yaw-1.69 pitch-0.54 roll1.12 degree
R_camera2gimbal: [0.029355471472615413, -0.0099817555536656256, 0.99951919483854201, -0.99937893719156423, 0.019207833529971019, 0.029543172289793952, -0.019493491028545713, -0.99976568439167379, -0.0094117012472882955]
t_camera2gimbal: [0.06376002792558022, 0.027930441575340793, 0.085804590356891877]

#####-----camera-----#####
camera_name: "hikrobot"
exposure_ms: 10
gain: 15.0
gamma_enable: true
gamma: 1.0
vid_pid: "2bdf:0001"

#####-----gimbal参数-----#####
com_port: "/dev/ttyACM0"
protocol: "legacy"
baud_rate: 921600